1	1000	0	0	0	0	1	2	7	15	25	30
2	1001	0	0	0	0	1	1	7	12	28	31
3	1002	0	0	0	0	1	1	6	15	28	29
4	1003	0	0	0	0	1	1	7	15	26	30
5	1004	0	0	0	0	0	0	6	20	24	30
6	1005	0	0	0	0	0	0	4	23	28	25
7	1006	0	0	0	0	0	0	3	20	27	30
8	1007	0	0	0	0	0	2	10	15	25	28
9	1008	0	0	0	0	1	4	10	19	20	26
10	1009	0	0	0	0	0	9	9	10	22	30
11	1010	0	0	0	0	0	1	8	18	25	28
12	1011	0	0	0	0	1	2	5	19	28	25
13	1012	0	0	0	0	0	1	5	21	28	25
14	1013	0	0	0	0	0	1	2	23	28	26
15	1014	0	0	0	0	0	2	5	21	27	25
16	1015	0	0	0	0	0	1	9	22	28	20
17	1016	0	0	0	0	0	2	5	25	27	21
18	1017	0	0	0	0	0	5	15	17	25	18
19	1018	0	0	0	0	0	0	19	21	25	15
20	1019	0	0	0	0	0	2	18	21	25	14
21	1020	0	0	0	0	0	1	15	25	26	13
22	1021	0	0	0	0	0	4	14	24	25	13
23	1022	0	0	0	1	1	9	15	19	20	15
24	1023	0	0	0	2	2	10	12	18	20	16
25	1024	0	0	0	0	0	1	16	28	25	10
26	1025	0	0	0	0	0	2	17	28	24	9
27	1026	0	0	0	1	4	10	16	25	15	9
28	1027	0	0	1	2	3	7	18	24	20	5
29	1028	0	1	2	2	5	7	14	25	15	9
30	1029	0	2	3	5	6	7	15	25	10	7
31	1030	0	0	0	0	0	0	0	5	30	45
32	1031	0	0	0	0	0	0	5	15	20	40
33	1032	0	0	0	0	0	0	8	15	18	39
34	1033	0	0	0	2	5	6	7	8	10	42
35	1034	0	0	0	0	0	0	11	14	15	40
36	1035	0	0	0	0	0	2	8	13	15	42
37	1036	0	0	0	2	5	6	7	8	10	42
38	1037	0	0	0	0	0	0	0	20	25	35
39	1038	0	0	0	0	0	1	2	22	25	30
40	1039	0	0	0	0	1	4	10	15	22	28
41	1040	0	0	2	0	0	0	8	20	28	22
42	1041	0	0	0	0	0	0	19	28	18	15
43	1042	0	0	0	0	0	10	16	18	20	16
44	1043	0	0	0	0	2	5	17	28	18	10
45	1044	0	0	0	0	1	4	22	27	21	5
46	1045	0	0	0	0	3	10	20	25	15	7
47	1046	0	0	4	8	10	16	19	15	5	3
48	1047	0	0	4	8	10	15	18	15	7	3
49	1048	0	0	4	8	10	14	18	16	7	3
50	1049	0	0	5	8	15	20	11	9	7	5
51	1050	0	0	5	8	14	21	11	9	7	5
52	1051	0	0	5	7	16	20	11	9	7	5
53	1052	0	0	4	8	10	15	18	14	7	4
54	1053	0	0	0	0	0	1	3	7	29	40
55	1054	0	0	0	0	1	2	3	10	25	39
56	1055	0	0	0	0	2	2	5	7	27	37
57	1056	0	0	0	0	0	1	3	7	29	40
58	1057	0	0	0	0	0	1	3	10	28	38
59	1058	0	0	0	0	0	1	2	11	29	37
60	1059	0	0	0	0	1	2	4	7	27	39
61	1060	0	0	0	0	0	1	4	7	30	38
62	1061	0	0	0	0	0	1	4	10	35	30
63	1062	0	0	0	0	1	1	7	21	30	20
64	1063	0	0	0	0	2	2	7	21	28	20
65	1064	0	0	0	0	1	1	7	21	30	20
66	1065	0	0	0	0	1	1	8	21	29	20
67	1066	0	0	0	0	1	1	9	21	27	21
68	1067	0	0	0	0	1	1	19	29	20	10
69	1068	0	0	0	0	1	5	18	28	18	10
70	1069	0	0	3	10	29	20	10	5	3	0
71	1070	0	0	4	11	27	20	10	5	3	0
72	1071	0	0	3	11	28	20	10	5	3	0
73	1072	0	0	3	13	26	20	10	5	3	0
74	1073	0	0	3	12	27	20	10	5	3	0
75	1074	0	0	3	11	29	20	10	4	3	0
76	1075	0	0	4	11	27	20	10	5	3	0
77	1076	0	0	0	0	0	1	10	19	30	20
78	1077	0	0	0	0	0	3	10	19	29	19
79	1078	0	0	0	0	0	4	8	19	29	20
80	1079	0	0	0	0	0	1	13	19	27	20
81	1080	0	0	0	0	0	1	10	19	31	19
82	1081	0	0	0	0	2	5	15	25	18	15
83	1082	0	0	0	0	0	0	13	19	28	20
84	1083	0	0	0	0	0	1	4	27	29	19
85	1084	0	0	0	0	0	1	5	25	29	20
86	1085	0	0	0	0	0	2	19	30	20	9
87	1086	0	0	0	0	0	2	19	29	20	10
88	1087	0	0	0	0	0	3	20	28	20	9
89	1088	0	0	0	0	0	2	19	30	20	9
90	1089	0	0	0	0	0	5	19	27	20	9
91	1090	0	0	0	5	19	27	20	9	0	0
92	1091	0	0	0	7	19	25	20	9	0	0
93	1092	0	4	7	20	24	16	9	0	0	0
94	1093	0	4	7	21	23	16	9	0	0	0
95	1094	0	4	10	18	22	17	9	0	0	0
96	1095	0	4	10	17	25	16	8	0	0	0
97	1096	0	3	11	18	24	17	7	0	0	0
98	1097	0	4	11	15	27	17	6	0	0	0
99	1098	0	5	12	16	26	16	5	0	0	0
100	1099	0	0	0	0	1	1	23	30	24	1
101	1100	0	0	0	1	4	5	21	28	21	0
102	1101	0	0	0	2	3	3	21	29	22	0
103	1102	0	0	0	0	4	6	19	30	20	1
104	1103	0	0	0	1	5	7	18	29	18	2
105	1104	0	0	0	2	4	6	18	28	20	2
106	1105	0	0	0	2	4	5	17	29	21	2
107	1106	0	0	0	0	3	3	18	32	23	1
108	1107	0	0	0	2	2	18	32	23	1	2
109	1108	0	0	0	2	2	19	31	23	1	2
110	1109	0	0	0	3	3	18	32	21	1	2
111	1110	0	0	0	2	3	18	33	22	2	0
112	1111	0	0	0	2	5	19	27	25	2	0
113	1112	0	0	0	1	10	22	26	20	1	0
114	1113	0	0	0	2	10	24	27	16	1	0
115	1114	0	0	2	9	25	27	16	1	0	0
116	1115	0	2	9	25	27	16	1	0	0	0
117	1116	0	2	12	23	26	15	2	0	0	0
118	1117	1	5	15	20	25	12	2	0	0	0
119	1118	5	15	19	26	12	2	1	0	0	0
120	1119	4	16	20	27	10	2	1	0	0	0
121	1120	0	6	17	20	25	9	2	1	0	0
122	1121	0	5	13	28	23	7	2	1	1	0
123	1122	0	0	0	2	5	19	27	24	2	1
124	1123	0	0	0	3	4	18	29	23	2	1
125	1124	0	0	0	2	5	17	28	25	2	1
126	1125	0	0	1	2	6	16	29	22	2	2
127	1126	0	0	0	2	4	18	30	24	1	1
128	1127	0	0	1	2	3	17	27	27	2	1
129	1128	0	0	0	1	4	19	28	26	1	1
130	1129	0	0	0	1	6	18	31	22	1	1
131	1130	0	0	1	6	18	31	22	2	0	0
132	1131	0	0	2	5	17	28	25	3	0	0
133	1132	0	0	1	6	19	30	22	2	0	0
134	1133	0	0	0	0	10	35	30	5	0	0
135	1134	0	0	1	8	21	30	20	0	0	0
136	1135	0	3	5	10	24	28	10	0	0	0
137	1136	3	4	9	10	26	22	5	1	0	0
138	1137	3	4	9	10	27	21	5	1	0	0
139	1138	0	5	10	10	25	21	7	2	0	0
140	1139	5	9	10	22	24	10	0	0	0	0
141	1140	4	10	11	21	25	9	0	0	0	0
142	1141	10	11	21	25	9	4	0	0	0	0
143	1142	4	5	18	28	15	5	4	1	0	0
144	1143	5	7	17	27	18	5	1	0	0	0
145	1144	0	5	7	18	27	18	5	0	0	0
146	1145	0	0	0	0	1	4	19	28	26	2
147	1146	0	0	0	0	4	10	18	25	20	3
148	1147	0	0	0	0	2	4	16	27	26	5
149	1148	0	0	0	1	3	4	20	26	22	4
150	1149	0	0	0	0	4	4	17	28	25	2
151	1150	0	0	0	0	5	4	19	29	20	3
152	1151	0	0	0	0	1	4	17	30	26	2
153	1152	0	0	0	1	2	4	18	28	25	2
154	1153	0	1	1	18	31	28	1	0	0	0
155	1154	1	1	2	22	28	24	2	0	0	0
156	1155	1	1	2	21	27	22	5	1	0	0
157	1156	0	1	10	20	28	21	0	0	0	0
158	1157	0	3	8	18	30	21	0	0	0	0
159	1158	1	10	20	28	21	0	0	0	0	0
160	1159	2	4	21	26	21	6	0	0	0	0
161	1160	2	4	20	27	21	6	0	0	0	0
162	1161	2	5	20	28	21	4	0	0	0	0
163	1162	2	4	20	27	21	6	0	0	0	0
164	1163	2	3	20	27	20	6	1	1	0	0
165	1164	2	4	19	29	20	6	0	0	0	0
166	1165	2	4	20	27	21	6	0	0	0	0
167	1166	2	5	18	30	19	6	0	0	0	0
168	1167	2	3	19	32	18	6	0	0	0	0
169	1168	0	0	1	2	22	30	25	0	0	0
170	1169	0	0	1	1	21	31	26	0	0	0
171	1170	0	0	1	3	20	32	24	0	0	0
172	1171	0	0	2	5	19	30	24	0	0	0
173	1172	0	1	2	3	22	31	21	0	0	0
174	1173	0	0	2	4	20	30	24	0	0	0
175	1174	0	0	1	3	23	31	20	2	0	0
176	1175	0	0	1	2	24	31	22	0	0	0
177	1176	0	1	2	24	31	21	1	0	0	0
178	1177	0	1	4	20	30	23	2	0	0	0
179	1178	0	1	2	22	35	20	0	0	0	0
180	1179	0	0	1	2	22	35	20	0	0	0
181	1180	1	4	20	30	23	2	0	0	0	0
182	1181	1	4	20	28	25	2	0	0	0	0
183	1182	1	3	21	29	24	2	0	0	0	0
184	1183	1	14	22	28	15	0	0	0	0	0
185	1184	1	13	23	27	16	0	0	0	0	0
186	1185	3	15	22	25	15	0	0	0	0	0
187	1186	3	15	20	27	15	0	0	0	0	0
188	1187	3	15	22	26	14	0	0	0	0	0
189	1188	3	16	22	28	11	0	0	0	0	0
190	1189	3	14	23	30	10	0	0	0	0	0
191	1190	4	13	21	27	13	2	0	0	0	0
192	1191	0	4	12	17	27	20	0	0	0	0
193	1192	0	4	12	15	29	20	0	0	0	0
194	1193	0	4	15	20	26	12	3	0	0	0
195	1194	1	3	13	16	27	18	2	0	0	0
196	1195	0	4	10	21	29	13	3	0	0	0
197	1196	0	4	13	18	27	17	1	0	0	0
198	1197	0	3	13	18	29	15	2	0	0	0
199	1198	1	4	10	17	27	17	4	0	0	0
200	1199	2	15	20	30	10	3	0	0	0	0
201	1200	5	10	19	28	11	6	1	0	0	0
202	1201	6	7	22	29	10	4	2	0	0	0
203	1202	0	0	3	23	30	24	0	0	0	0
204	1203	6	15	23	29	7	0	0	0	0	0
205	1204	0	16	24	30	9	1	0	0	0	0
206	1205	1	15	20	28	16	0	0	0	0	0
207	1206	5	14	19	27	10	5	0	0	0	0
208	1207	2	9	26	39	4	0	0	0	0	0
209	1208	3	15	23	29	10	0	0	0	0	0
210	1209	2	14	24	31	9	0	0	0	0	0
211	1210	3	7	25	28	17	0	0	0	0	0
212	1211	2	9	21	27	21	0	0	0	0	0
213	1212	1	10	20	28	21	0	0	0	0	0
214	1213	1	15	20	26	18	0	0	0	0	0
215	1214	1	2	11	17	20	18	7	4	0	0
216	1215	5	8	10	14	18	15	6	3	1	0
217	1216	3	8	12	14	19	14	6	4	0	0
218	1217	5	8	11	13	20	13	5	4	1	0
219	1218	0	8	10	16	21	17	4	3	1	0
220	1219	0	8	8	13	23	18	6	4	0	0
221	1220	5	8	10	17	22	16	2	0	0	0
222	1221	0	7	8	12	20	15	10	8	0	0
223	1222	3	5	23	28	20	1	0	0	0	0
224	1223	5	10	25	30	10	0	0	0	0	0
225	1224	2	12	26	32	8	0	0	0	0	0
226	1225	0	5	8	17	30	20	0	0	0	0
227	1226	11	25	31	13	0	0	0	0	0	0
228	1227	12	23	30	15	0	0	0	0	0	0
229	1228	11	22	35	12	0	0	0	0	0	0
230	1229	10	23	32	15	0	0	0	0	0	0
231	1230	13	26	29	12	0	0	0	0	0	0
232	1231	12	25	32	11	0	0	0	0	0	0
233	1232	12	25	29	14	0	0	0	0	0	0
234	1233	12	26	32	10	0	0	0	0	0	0
235	1234	16	22	28	14	0	0	0	0	0	0
236	1235	12	23	32	13	0	0	0	0	0	0
237	1236	16	25	29	10	0	0	0	0	0	0
238	1237	9	20	30	20	1	0	0	0	0	0
239	1238	5	25	28	21	1	0	0	0	0	0
240	1239	7	24	29	20	0	0	0	0	0	0
241	1240	8	21	30	21	0	0	0	0	0	0
242	1241	3	23	29	25	0	0	0	0	0	0
243	1242	2	25	31	22	0	0	0	0	0	0
244	1243	5	24	30	21	0	0	0	0	0	0
245	1244	6	24	27	23	0	0	0	0	0	0
246	1245	20	32	25	3	0	0	0	0	0	0
247	1246	23	31	26	0	0	0	0	0	0	0
248	1247	21	28	22	9	0	0	0	0	0	0
249	1248	20	29	24	7	0	0	0	0	0	0
250	1249	25	32	23	0	0	0	0	0	0	0
251	1250	10	26	30	14	0	0	0	0	0	0
252	1251	20	30	23	7	0	0	0	0	0	0
253	1252	21	31	21	6	1	0	0	0	0	0
254	1253	22	29	22	7	0	0	0	0	0	0
255	1254	23	30	23	4	0	0	0	0	0	0
256	1255	21	28	24	7	0	0	0	0	0	0
257	1256	23	32	22	3	0	0	0	0	0	0
258	1257	21	29	21	9	0	0	0	0	0	0
259	1258	22	30	19	9	0	0	0	0	0	0
260	1259	23	29	20	8	0	0	0	0	0	0
261	1260	18	28	25	9	0	0	0	0	0	0
262	1261	20	35	22	3	0	0	0	0	0	0
263	1262	25	29	23	3	0	0	0	0	0	0
264	1263	22	31	25	2	0	0	0	0	0	0
265	1264	23	29	23	5	0	0	0	0	0	0
266	1265	19	30	21	10	0	0	0	0	0	0
267	1266	0	0	0	0	0	0	0	15	30	35
268	1267	28	30	21	1	0	0	0	0	0	0
269	1268	20	28	27	5	0	0	0	0	0	0
270	1269	21	30	26	3	0	0	0	0	0	0
271	1270	22	27	25	6	0	0	0	0	0	0
272	1271	26	29	23	2	0	0	0	0	0	0
273	1272	25	29	21	5	0	0	0	0	0	0
274	1273	27	29	24	0	0	0	0	0	0	0
275	1274	28	31	21	0	0	0	0	0	0	0
276	1275	29	30	21	0	0	0	0	0	0	0
277	1276	23	35	22	0	0	0	0	0	0	0
278	1277	22	33	21	4	0	0	0	0	0	0
279	1278	21	35	22	2	0	0	0	0	0	0
280	1279	20	30	23	7	0	0	0	0	0	0
281	1280	23	32	25	0	0	0	0	0	0	0
282	1281	21	29	19	11	0	0	0	0	0	0
283	1282	18	30	18	14	0	0	0	0	0	0
284	1283	17	28	19	10	6	0	0	0	0	0
285	1284	28	31	20	1	0	0	0	0	0	0
286	1285	21	31	21	7	0	0	0	0	0	0
287	1286	18	29	17	10	6	0	0	0	0	0
288	1287	22	32	20	6	0	0	0	0	0	0
289	1288	19	30	21	8	2	0	0	0	0	0
290	1289	22	31	22	5	0	0	0	0	0	0
291	1290	0	0	1	21	30	28	0	0	0	0
292	1291	0	0	1	22	28	20	9	0	0	0
293	1292	0	0	0	21	35	20	4	0	0	0
294	1293	0	0	0	23	29	21	7	0	0	0
295	1294	0	0	0	21	32	19	8	0	0	0
296	1295	0	0	0	22	32	25	1	0	0	0
297	1296	0	0	0	20	35	23	2	0	0	0
298	1297	0	0	2	21	29	19	9	0	0	0
299	1298	0	0	2	19	31	20	8	0	0	0
300	1299	0	0	1	20	30	19	10	0	0	0
301	1300	0	1	0	1	3	35	28	11	1	0
302	1301	0	1	0	1	9	32	25	10	2	0
303	1302	0	1	2	3	5	30	24	11	4	0
304	1303	0	1	0	2	9	29	23	16	0	0
305	1304	0	1	0	1	1	35	27	15	0	0
306	1305	0	1	0	1	0	39	26	13	0	0
307	1306	0	1	0	1	6	35	25	12	0	0
308	1307	0	1	0	1	9	31	27	11	0	0
309	1308	0	1	0	1	5	30	26	17	0	0
310	1309	0	1	0	5	10	28	22	14	0	0
311	1310	0	1	0	1	13	29	21	15	0	0
312	1311	0	1	0	1	13	32	27	6	0	0
313	1312	0	1	0	1	9	33	26	10	0	0
314	1313	0	0	0	0	2	20	32	20	6	0
315	1314	0	0	0	0	3	21	30	21	5	0
316	1315	0	0	0	0	1	22	32	22	3	0
317	1316	0	0	0	0	2	20	34	21	3	0
318	1317	0	0	0	0	1	22	30	23	4	0
319	1318	0	0	0	0	1	23	31	23	2	0
320	1319	0	0	0	0	3	20	29	19	9	0
321	1320	0	0	0	0	1	22	32	24	1	0
322	1321	0	0	0	0	2	21	29	20	8	0
323	1322	0	0	0	0	3	20	28	19	10	0
324	1323	0	0	0	0	1	1	8	19	30	21
325	1324	0	0	0	0	1	1	11	19	28	20
326	1325	0	0	0	0	1	1	5	20	31	22
327	1326	0	0	0	0	1	1	5	21	29	23
328	1327	0	0	0	0	1	1	3	22	32	21
329	1328	0	0	0	0	1	1	9	19	29	21
330	1329	0	0	0	0	1	1	1	22	31	24
331	1330	0	0	0	0	1	1	3	21	32	22
332	1331	0	0	0	0	1	2	9	19	30	19
333	1332	0	0	0	0	1	1	5	21	32	20
334	1333	0	0	0	0	1	1	5	20	32	21
335	1334	0	0	0	0	1	1	1	20	35	22
336	1335	0	0	0	0	1	2	10	19	29	19
337	1336	0	0	0	0	0	0	0	23	33	24
338	1337	0	0	0	0	0	0	6	22	32	20
339	1338	0	0	0	0	0	0	6	21	31	22
340	1339	0	0	0	0	0	0	8	22	29	21
341	1340	0	0	0	0	0	0	3	18	35	24
342	1341	0	0	0	0	0	0	8	21	30	21
343	1342	0	0	0	0	0	0	7	22	29	22
344	1343	0	0	0	0	0	0	8	21	30	21
345	1344	0	0	0	0	0	0	3	21	33	23
346	1345	0	0	0	0	0	0	5	20	34	21
347	1346	0	0	0	0	0	0	1	4	35	40
348	1347	0	0	0	0	0	0	2	18	22	38
349	1348	0	0	0	0	0	0	1	18	21	40
350	1349	0	0	0	0	0	0	8	16	22	34
351	1350	0	0	0	0	0	0	6	17	22	35
352	1351	0	0	0	0	0	2	8	18	20	32
353	1352	0	0	0	0	0	0	6	19	21	34
354	1353	0	0	0	0	0	2	8	18	22	30
355	1354	0	0	0	0	0	0	8	18	21	33
356	1355	0	0	0	0	0	0	1	13	24	42
357	1356	0	0	0	0	0	0	6	13	21	40
358	1357	0	0	0	0	0	0	0	25	20	35
359	1358	0	0	0	0	0	0	6	10	25	39
360	1359	0	0	0	0	5	19	30	21	4	1
361	1360	0	0	0	0	4	21	33	20	1	1
362	1361	0	0	0	0	3	23	29	23	1	1
363	1362	0	0	0	0	4	22	32	20	1	1
364	1363	0	0	0	0	8	21	30	19	1	1
365	1364	0	0	0	0	2	22	34	20	1	1
366	1365	0	0	0	0	6	23	30	19	1	1
367	1366	0	0	0	0	5	20	31	22	1	1
368	1367	0	0	0	0	10	19	29	19	2	1
369	1368	0	0	0	2	4	21	28	18	5	2
370	1369	0	0	0	1	4	24	29	20	1	1
371	1370	0	0	0	4	5	22	31	16	1	1
372	1371	0	0	0	6	7	20	30	15	1	1
373	1372	0	0	0	0	7	19	31	21	1	1
374	1373	0	0	0	1	6	20	29	22	1	1
375	1374	0	0	0	0	12	17	28	21	1	1
376	1375	0	0	0	0	0	23	35	20	1	1
377	1376	0	0	0	0	4	23	32	19	1	1
378	1377	0	0	0	0	6	23	31	18	1	1
379	1378	0	0	0	0	7	22	29	20	1	1
380	1379	0	0	0	0	5	23	29	21	1	1
381	1380	0	0	0	0	3	22	31	22	1	1
382	1381	0	0	0	0	2	20	32	24	1	1
383	1382	0	0	3	5	9	20	28	10	5	0
384	1383	0	2	4	5	8	19	26	12	4	0
385	1384	2	3	4	5	7	18	25	11	5	0
386	1385	3	4	5	6	8	19	22	10	3	0
387	1386	0	0	5	7	10	17	23	12	6	0
388	1387	1	3	3	7	9	17	20	13	7	0
389	1388	0	1	4	6	8	18	25	10	8	0
390	1389	0	0	4	7	9	18	24	12	6	0
391	1390	0	1	4	6	10	18	22	12	7	0
392	1391	0	4	5	6	7	19	21	10	8	0
393	1392	0	0	3	16	19	28	9	5	0	0
394	1393	0	0	0	16	20	32	12	0	0	0
395	1394	0	0	0	15	20	31	14	0	0	0
396	1395	0	0	0	18	21	30	11	0	0	0
397	1396	0	0	4	16	19	29	10	2	0	0
398	1397	0	0	2	17	20	28	9	4	0	0
399	1398	0	0	0	18	22	27	13	0	0	0
400	1399	0	0	0	16	21	29	12	2	0	0
401	1400	0	0	14	19	29	12	6	0	0	0
402	1401	0	0	13	20	28	14	5	0	0	0
403	1402	0	0	9	23	29	15	4	0	0	0
404	1403	0	0	9	24	31	13	3	0	0	0
405	1404	0	0	9	23	31	13	4	0	0	0
406	1405	0	0	5	25	30	15	5	0	0	0
407	1406	0	0	5	26	31	15	3	0	0	0
408	1407	0	0	14	20	29	12	5	0	0	0
409	1408	0	0	12	21	29	12	6	0	0	0
410	1409	0	0	12	20	30	14	4	0	0	0
411	1410	0	0	9	20	32	12	7	0	0	0
412	1411	0	4	12	21	28	11	4	0	0	0
413	1412	0	1	8	20	29	15	7	0	0	0
414	1413	0	0	8	22	31	14	5	0	0	0
415	1414	0	0	12	21	30	13	4	0	0	0
416	1415	0	0	13	25	29	13	0	0	0	0
417	1416	0	6	12	23	30	9	0	0	0	0
418	1417	0	7	13	21	29	10	0	0	0	0
419	1418	0	0	14	23	31	12	0	0	0	0
420	1419	0	0	13	25	30	12	0	0	0	0
421	1420	0	0	12	26	29	13	0	0	0	0
422	1421	0	0	12	26	30	12	0	0	0	0
423	1422	0	3	20	36	18	3	0	0	0	0
424	1423	0	2	13	22	29	14	0	0	0	0
425	1424	0	5	13	21	28	13	0	0	0	0
426	1425	0	0	9	26	31	14	0	0	0	0
427	1426	0	0	10	25	30	15	0	0	0	0
428	1427	0	2	13	21	29	15	0	0	0	0
429	1428	0	0	0	0	0	0	0	10	30	40
430	1429	0	0	0	0	0	0	0	5	34	41
431	1430	0	0	0	0	0	0	12	1	32	35
432	1431	0	0	0	0	0	1	1	13	32	33
433	1432	0	0	0	0	0	1	0	12	29	38
434	1433	0	0	0	0	0	1	1	9	29	40
435	1434	0	0	0	0	0	0	1	10	31	38
436	1435	0	0	0	0	0	0	1	7	30	42
437	1436	0	0	0	0	0	0	1	5	33	41
438	1437	0	0	0	0	0	0	1	10	29	40
439	1438	0	0	0	0	0	0	1	13	30	36
440	1439	0	0	0	0	0	1	0	12	32	35
441	1440	0	0	0	0	0	0	1	7	33	39
442	1441	0	0	0	0	0	0	1	10	29	40
443	1442	0	0	0	0	0	0	1	8	33	38
444	1443	0	0	0	0	0	0	1	8	29	42
445	1444	0	0	0	0	0	0	0	13	28	39
446	1445	0	0	0	0	0	0	0	4	35	41
447	1446	0	0	0	0	0	0	0	12	30	38
448	1447	0	0	0	0	0	0	1	7	31	41
449	1448	0	0	0	0	0	0	1	6	33	40
450	1449	0	0	0	0	0	0	2	13	38	27
451	1450	0	0	0	0	0	0	2	21	31	26
452	1451	0	0	0	0	0	0	2	20	33	25
453	1452	0	0	0	0	0	0	2	19	37	22
454	1453	0	0	0	0	0	0	2	15	38	25
455	1454	0	0	0	0	0	0	2	12	40	26
456	1455	0	0	0	0	0	0	0	20	38	22
457	1456	0	0	0	0	0	0	2	20	37	21
458	1457	0	0	0	0	1	21	28	23	7	0
459	1458	0	0	0	0	2	23	29	22	4	0
460	1459	0	0	0	0	1	22	30	25	2	0
461	1460	0	0	0	0	4	21	29	21	5	0
462	1461	0	0	0	2	4	20	30	20	4	0
463	1462	0	0	0	1	0	23	31	23	2	0
464	1463	0	0	0	0	4	20	30	23	3	0
465	1464	0	0	0	0	4	21	29	21	5	0
466	1465	0	0	0	3	4	22	27	20	4	0
467	1466	0	0	0	1	2	20	31	21	5	0
468	1467	0	0	0	1	5	21	30	20	3	0
469	1468	0	0	0	3	6	20	28	20	3	0
470	1469	0	0	0	3	3	20	28	20	6	0
471	1470	0	0	0	0	0	21	31	22	6	0
472	1471	0	0	0	0	5	20	30	20	5	0
473	1472	0	0	0	0	6	21	29	20	4	0
474	1473	0	0	0	0	7	20	28	19	6	0
475	1474	0	0	0	0	0	21	31	25	3	0
476	1475	0	0	0	0	2	20	30	23	5	0
477	1476	0	0	0	0	4	21	29	20	6	0
478	1477	0	0	0	0	4	20	29	20	7	0
479	1478	0	0	0	2	22	31	21	4	0	0
480	1479	0	0	0	4	20	30	21	5	0	0
481	1480	0	0	0	2	21	27	20	10	0	0
482	1481	0	0	0	4	20	28	21	7	0	0
483	1482	0	0	0	3	21	29	22	5	0	0
484	1483	0	0	0	5	20	28	21	6	0	0
485	1484	0	0	0	5	21	26	20	8	0	0
486	1485	0	0	0	1	20	28	23	8	0	0
487	1486	0	0	0	0	21	30	25	4	0	0
488	1487	0	0	0	3	22	29	21	5	0	0
489	1488	0	0	0	7	21	26	22	4	0	0
490	1489	0	0	1	4	20	28	20	7	0	0
491	1490	0	0	0	3	22	29	21	5	0	0
492	1491	0	0	1	3	20	28	21	4	3	0
493	1492	0	0	0	6	19	29	20	5	1	0
494	1493	0	0	0	4	20	30	20	6	0	0
495	1494	0	0	0	7	19	28	19	7	0	0
496	1495	0	0	0	4	20	29	19	8	0	0
497	1496	0	0	0	7	20	27	20	6	0	0
498	1497	0	0	0	3	21	28	21	7	0	0
499	1498	0	0	0	1	20	29	22	8	0	0
500	1499	0	0	4	20	30	18	7	1	0	0
501	1500	0	0	3	18	31	20	8	0	0	0
502	1501	0	0	3	19	30	20	7	1	0	0
503	1502	0	0	4	21	29	21	5	0	0	0
504	1503	0	0	4	22	28	19	7	0	0	0
505	1504	0	0	4	20	28	20	8	0	0	0
506	1505	0	0	4	18	31	21	6	0	0	0
507	1506	0	0	4	19	28	22	7	0	0	0
508	1507	0	0	3	21	29	21	6	0	0	0
509	1508	0	0	5	20	30	19	5	1	0	0
510	1509	0	0	7	19	28	20	4	2	0	0
511	1510	0	0	6	18	29	19	7	1	0	0
512	1511	0	0	5	17	29	18	8	3	0	0
513	1512	0	0	5	20	29	21	5	0	0	0
514	1513	0	0	4	22	27	25	2	0	0	0
515	1514	0	0	3	21	26	23	5	2	0	0
516	1515	0	0	4	21	28	26	1	0	0	0
517	1516	0	0	3	20	28	26	3	0	0	0
518	1517	0	0	5	21	27	23	4	0	0	0
519	1518	0	0	3	20	29	25	3	0	0	0
520	1519	0	0	3	21	20	28	6	1	1	0
521	1520	0	4	27	28	21	0	0	0	0	0
522	1521	0	4	26	29	20	1	0	0	0	0
523	1522	0	3	25	29	20	3	0	0	0	0
524	1523	0	5	23	28	19	5	0	0	0	0
525	1524	0	4	24	29	20	3	0	0	0	0
526	1525	0	5	21	30	21	3	0	0	0	0
527	1526	0	5	23	29	20	3	0	0	0	0
528	1527	0	4	24	29	21	2	0	0	0	0
529	1528	0	3	23	30	20	4	0	0	0	0
530	1529	0	4	23	29	17	7	0	0	0	0
531	1530	0	5	22	27	18	6	2	0	0	0
532	1531	2	7	21	25	17	5	3	0	0	0
533	1532	1	8	21	26	16	6	2	0	0	0
534	1533	2	9	21	27	20	1	0	0	0	0
535	1534	0	8	20	29	23	0	0	0	0	0
536	1535	2	7	20	29	22	0	0	0	0	0
537	1536	2	9	20	28	21	0	0	0	0	0
538	1537	0	3	9	20	27	21	0	0	0	0
539	1538	0	0	2	9	21	28	20	0	0	0
540	1539	1	2	8	20	28	20	1	0	0	0
541	1540	0	0	7	21	29	21	2	0	0	0
542	1541	7	10	21	29	12	1	0	0	0	0
543	1542	5	12	20	28	13	2	0	0	0	0
544	1543	3	12	22	29	14	0	0	0	0	0
545	1544	4	11	21	30	14	0	0	0	0	0
546	1545	5	10	20	30	15	0	0	0	0	0
547	1546	5	12	20	28	14	1	0	0	0	0
548	1547	8	9	19	29	15	0	0	0	0	0
549	1548	2	12	20	30	16	0	0	0	0	0
550	1549	2	12	21	31	14	0	0	0	0	0
551	1550	4	11	22	28	15	0	0	0	0	0
552	1551	2	13	21	29	15	0	0	0	0	0
553	1552	2	12	20	29	17	0	0	0	0	0
554	1553	1	11	23	30	15	0	0	0	0	0
555	1554	10	17	20	29	4	0	0	0	0	0
556	1555	11	14	17	30	8	0	0	0	0	0
557	1556	10	15	19	29	7	0	0	0	0	0
558	1557	11	16	18	28	7	0	0	0	0	0
559	1558	10	15	17	28	10	0	0	0	0	0
560	1559	0	1	15	21	29	14	0	0	0	0
561	1560	10	15	18	29	7	1	0	0	0	0
562	1561	10	14	17	31	8	0	0	0	0	0
563	1562	10	14	16	30	6	4	0	0	0	0
564	1563	12	13	17	29	7	2	0	0	0	0
565	1564	12	14	19	28	7	0	0	0	0	0
566	1565	11	13	18	29	7	2	0	0	0	0
567	1566	10	13	16	31	9	1	0	0	0	0
568	1567	6	14	17	30	8	5	0	0	0	0
569	1568	7	12	15	29	11	6	0	0	0	0
570	1569	12	15	19	28	6	0	0	0	0	0
571	1570	12	19	20	29	0	0	0	0	0	0
572	1571	11	17	21	31	0	0	0	0	0	0
573	1572	10	12	19	28	7	4	0	0	0	0
574	1573	10	14	16	29	6	5	0	0	0	0
575	1574	12	15	19	30	4	0	0	0	0	0
576	1575	10	17	18	31	4	0	0	0	0	0
577	1576	9	16	19	27	9	0	0	0	0	0
578	1577	11	15	17	29	8	0	0	0	0	0
579	1578	12	17	19	28	4	0	0	0	0	0
580	1579	12	16	20	30	2	0	0	0	0	0
581	1580	30	21	20	9	0	0	0	0	0	0
582	1581	35	22	14	9	0	0	0	0	0	0
583	1582	30	20	16	10	4	0	0	0	0	0
584	1583	31	19	12	12	6	0	0	0	0	0
585	1584	33	18	14	9	6	0	0	0	0	0
586	1585	30	20	15	11	4	0	0	0	0	0
587	1586	32	21	17	10	0	0	0	0	0	0
588	1587	33	22	15	10	0	0	0	0	0	0
589	1588	34	19	16	11	0	0	0	0	0	0
590	1589	30	20	18	11	1	0	0	0	0	0
591	1590	36	21	17	6	0	0	0	0	0	0
592	1591	29	21	15	13	2	0	0	0	0	0
593	1592	35	20	17	8	0	0	0	0	0	0
594	1593	31	19	14	13	3	0	0	0	0	0
595	1594	33	19	16	11	1	0	0	0	0	0
596	1595	35	20	15	10	0	0	0	0	0	0
597	1596	0	0	0	0	0	0	1	3	31	45
598	1597	0	0	0	0	0	0	3	5	30	42
599	2284	15	22	31	11	1	0	0	0	0	0
600	2285	14	23	30	10	3	0	0	0	0	0
601	2286	14	21	29	10	6	0	0	0	0	0
602	2287	15	24	30	9	2	0	0	0	0	0
603	2288	16	23	31	8	2	0	0	0	0	0
604	2289	14	23	29	8	6	0	0	0	0	0
605	2290	17	21	30	9	3	0	0	0	0	0
606	2291	15	23	32	6	4	0	0	0	0	0
607	2292	17	21	29	7	6	0	0	0	0	0
608	2293	15	20	31	8	6	0	0	0	0	0
609	2294	18	20	30	7	5	0	0	0	0	0
610	2295	17	21	28	8	6	0	0	0	0	0
611	2296	16	21	29	9	5	0	0	0	0	0
612	2297	14	21	31	9	5	0	0	0	0	0
613	2298	16	20	30	8	6	0	0	0	0	0
614	2299	45	30	4	1	0	0	0	0	0	0
615	2300	42	32	4	2	0	0	0	0	0	0
616	2301	45	31	4	0	0	0	0	0	0	0
617	2302	39	32	8	1	0	0	0	0	0	0
618	2303	38	29	9	4	0	0	0	0	0	0
619	2304	40	31	8	1	0	0	0	0	0	0
620	2305	40	30	7	3	0	0	0	0	0	0
621	2306	41	31	5	3	0	0	0	0	0	0
622	2307	43	32	5	0	0	0	0	0	0	0
623	2308	45	30	5	0	0	0	0	0	0	0
624	2309	46	31	3	0	0	0	0	0	0	0
625	2310	39	32	9	0	0	0	0	0	0	0
626	2311	40	30	8	2	0	0	0	0	0	0
627	2312	42	33	4	1	0	0	0	0	0	0
628	2313	41	31	7	1	0	0	0	0	0	0
629	2314	45	30	4	1	0	0	0	0	0	0
630	2315	40	32	6	2	0	0	0	0	0	0
631	2316	42	31	7	0	0	0	0	0	0	0
632	2317	41	29	8	2	0	0	0	0	0	0
633	2318	45	28	7	0	0	0	0	0	0	0
634	2319	30	41	9	0	0	0	0	0	0	0
635	2320	31	41	8	0	0	0	0	0	0	0
636	2321	32	40	7	1	0	0	0	0	0	0
637	2322	29	38	10	3	0	0	0	0	0	0
638	2323	28	39	9	4	0	0	0	0	0	0
639	2324	27	39	13	1	0	0	0	0	0	0
640	2325	30	40	10	0	0	0	0	0	0	0
641	2326	31	41	8	0	0	0	0	0	0	0
642	2327	30	37	10	3	0	0	0	0	0	0
643	2328	31	38	11	0	0	0	0	0	0	0
644	2329	30	40	10	0	0	0	0	0	0	0
645	2330	30	38	12	0	0	0	0	0	0	0
646	2331	31	39	10	0	0	0	0	0	0	0
647	2332	30	41	9	0	0	0	0	0	0	0
648	2333	30	40	10	0	0	0	0	0	0	0
649	2334	1	3	29	39	8	0	0	0	0	0
650	2335	2	3	28	33	13	1	0	0	0	0
651	2336	1	5	27	36	11	0	0	0	0	0
652	2337	1	11	21	35	12	0	0	0	0	0
653	2338	1	8	23	38	10	0	0	0	0	0
654	2339	12	25	37	6	0	0	0	0	0	0
655	2340	12	26	38	4	0	0	0	0	0	0
656	2341	13	23	39	5	0	0	0	0	0	0
657	2342	12	23	40	5	0	0	0	0	0	0
658	2343	12	24	41	3	0	0	0	0	0	0
659	2344	11	24	40	5	0	0	0	0	0	0
660	2345	10	23	39	8	0	0	0	0	0	0
661	2346	13	28	38	1	0	0	0	0	0	0
662	2347	12	22	40	6	0	0	0	0	0	0
663	2348	14	21	41	4	0	0	0	0	0	0
664	2349	0	1	8	21	40	10	0	0	0	0
665	2350	0	5	6	20	40	9	0	0	0	0
666	2351	0	4	7	21	38	10	0	0	0	0
667	2352	0	6	7	20	39	8	0	0	0	0
668	2353	0	3	6	21	41	9	0	0	0	0
669	2354	42	27	7	4	0	0	0	0	0	0
670	2355	45	28	7	0	0	0	0	0	0	0
671	2356	42	29	7	2	0	0	0	0	0	0
672	2357	41	27	12	0	0	0	0	0	0	0
673	2358	40	30	7	3	0	0	0	0	0	0
674	2359	43	24	10	3	0	0	0	0	0	0
675	2360	45	23	11	1	0	0	0	0	0	0
676	2361	40	22	9	9	0	0	0	0	0	0
677	2362	44	21	13	2	0	0	0	0	0	0
678	2363	45	22	9	4	0	0	0	0	0	0
679	2364	0	0	4	6	39	21	10	0	0	0
680	2365	0	0	4	7	35	22	12	0	0	0
681	2366	0	0	4	8	33	23	12	0	0	0
682	2367	0	0	5	9	32	24	10	0	0	0
683	2368	0	0	4	7	35	23	11	0	0	0
684	2369	45	20	13	2	0	0	0	0	0	0
685	2370	45	21	12	2	0	0	0	0	0	0
686	2371	41	23	10	6	0	0	0	0	0	0
687	2372	43	21	12	4	0	0	0	0	0	0
688	2373	45	20	11	4	0	0	0	0	0	0
689	2374	2	3	11	15	23	19	4	3	0	0
690	2375	1	3	10	16	24	18	5	3	0	0
691	2376	3	4	11	14	23	19	4	2	0	0
692	2377	2	3	10	14	25	18	5	3	0	0
693	2378	1	3	13	15	23	19	4	2	0	0
694	2379	1	10	19	21	18	11	0	0	0	0
695	2380	1	9	18	20	18	14	0	0	0	0
696	2381	1	8	19	23	19	10	0	0	0	0
697	2382	1	9	18	23	18	11	0	0	0	0
698	2383	0	8	19	24	17	12	0	0	0	0
699	2384	20	23	28	9	0	0	0	0	0	0
700	2385	19	22	26	11	2	0	0	0	0	0
701	2386	17	21	27	12	3	0	0	0	0	0
702	2387	18	20	25	12	5	0	0	0	0	0
703	2388	15	20	28	11	6	0	0	0	0	0
704	2389	40	29	11	0	0	0	0	0	0	0
705	2390	41	30	9	0	0	0	0	0	0	0
706	2391	40	31	9	0	0	0	0	0	0	0
707	2392	42	30	8	0	0	0	0	0	0	0
708	2393	43	30	7	0	0	0	0	0	0	0
709	2394	44	31	5	0	0	0	0	0	0	0
710	2395	45	30	5	0	0	0	0	0	0	0
711	2396	39	30	8	3	0	0	0	0	0	0
712	2397	41	31	6	2	0	0	0	0	0	0
713	2398	40	30	10	0	0	0	0	0	0	0
714	2399	0	0	7	11	16	25	16	5	0	0
715	2400	0	0	5	7	17	22	16	8	5	0
716	2401	0	0	5	8	16	21	17	10	3	0
717	2402	0	0	6	7	15	20	19	12	1	0
718	2403	0	0	4	8	15	21	18	12	2	0
719	2404	43	30	7	0	0	0	0	0	0	0
720	2405	42	34	4	0	0	0	0	0	0	0
721	2406	45	33	2	0	0	0	0	0	0	0
722	2407	40	30	10	0	0	0	0	0	0	0
723	2408	41	26	11	2	0	0	0	0	0	0
724	2409	0	2	7	20	30	21	0	0	0	0
725	2410	0	2	6	21	31	20	0	0	0	0
726	2411	0	2	9	22	26	21	0	0	0	0
727	2412	0	2	6	21	28	23	0	0	0	0
728	2413	0	2	5	21	30	22	0	0	0	0
729	2414	41	19	11	9	0	0	0	0	0	0
730	2415	40	21	12	7	0	0	0	0	0	0
731	2416	41	20	11	8	0	0	0	0	0	0
732	2417	40	23	12	5	0	0	0	0	0	0
733	2418	43	21	12	4	0	0	0	0	0	0
734	2419	9	13	24	30	4	0	0	0	0	0
735	2420	8	12	23	31	5	1	0	0	0	0
736	2421	5	9	22	32	7	5	0	0	0	0
737	2422	7	10	21	33	9	0	0	0	0	0
738	2423	8	11	18	35	8	0	0	0	0	0
739	2424	2	3	12	23	29	11	0	0	0	0
740	2425	1	4	11	21	29	14	0	0	0	0
741	2426	0	2	10	24	31	13	0	0	0	0
742	2427	2	3	9	23	30	13	0	0	0	0
743	2428	2	4	11	21	29	11	2	0	0	0
744	2429	1	2	12	22	27	12	4	0	0	0
745	2430	2	2	11	21	29	15	0	0	0	0
746	2431	0	2	8	24	30	16	0	0	0	0
747	2432	0	2	11	23	27	17	0	0	0	0
748	2433	0	2	10	21	28	19	0	0	0	0
749	2434	0	0	2	9	19	25	18	7	0	0
750	2435	0	0	8	10	18	26	12	6	0	0
751	2436	0	0	5	12	17	26	15	5	0	0
752	2437	0	0	5	10	17	24	14	10	0	0
753	2438	0	0	2	8	16	28	16	8	2	0
754	2439	0	0	2	7	16	27	18	7	3	0
755	2440	0	0	1	9	15	26	18	8	3	0
756	2441	0	0	1	8	18	24	19	9	1	0
757	2442	0	2	5	7	14	24	16	9	3	0
758	2443	0	0	1	9	16	28	17	7	2	0
759	2444	0	0	1	9	14	27	18	8	3	0
760	2445	0	0	4	8	17	24	18	7	2	0
761	2446	0	0	2	9	16	23	19	8	3	0
762	2447	0	0	1	10	16	23	19	9	2	0
763	2448	43	21	14	2	0	0	0	0	0	0
764	2449	45	21	13	1	0	0	0	0	0	0
765	2450	42	22	15	1	0	0	0	0	0	0
766	2451	41	20	16	3	0	0	0	0	0	0
767	2452	40	25	15	0	0	0	0	0	0	0
768	2453	1	4	12	16	23	17	7	0	0	0
769	2454	1	1	13	17	23	16	9	0	0	0
770	2455	1	5	12	16	24	14	8	0	0	0
771	2456	1	4	12	18	22	15	8	0	0	0
772	2457	1	6	11	16	25	14	7	0	0	0
773	2458	1	4	12	16	23	17	7	0	0	0
774	2459	1	1	13	17	23	16	9	0	0	0
775	2460	1	5	12	16	24	14	8	0	0	0
776	2461	1	4	12	18	22	15	8	0	0	0
777	2462	1	6	11	16	25	14	7	0	0	0
778	2463	20	40	20	0	0	0	0	0	0	0
779	2464	21	41	18	0	0	0	0	0	0	0
780	2465	21	42	17	0	0	0	0	0	0	0
781	2466	22	42	16	0	0	0	0	0	0	0
782	2467	20	45	15	0	0	0	0	0	0	0
783	2468	0	0	2	11	16	23	17	11	0	0
784	2469	0	0	4	12	15	23	16	10	0	0
785	2470	0	0	0	9	15	26	18	12	0	0
786	2471	0	0	0	12	17	24	16	11	0	0
787	2472	0	0	0	11	16	25	18	10	0	0
788	2473	0	0	0	11	28	21	12	8	0	0
789	2474	0	0	5	9	26	20	10	7	3	0
790	2475	0	2	3	11	23	19	11	9	2	0
791	2476	0	0	3	13	25	19	12	8	0	0
792	2477	0	1	5	12	24	18	10	7	3	0
793	2478	41	32	5	2	0	0	0	0	0	0
794	2479	42	32	3	3	0	0	0	0	0	0
795	2480	45	31	4	0	0	0	0	0	0	0
796	2481	41	33	3	3	0	0	0	0	0	0
797	2482	40	34	5	1	0	0	0	0	0	0
798	2483	7	9	11	18	25	10	0	0	0	0
799	2484	0	0	2	7	18	24	18	8	3	0
800	2485	0	0	1	10	18	23	18	7	3	0
801	2486	0	1	2	9	16	24	16	9	3	0
802	2487	0	0	3	9	17	24	17	9	1	0
803	2488	0	2	4	9	16	22	16	8	3	0
804	2489	0	1	3	8	16	23	16	9	3	1
805	2490	0	0	3	9	18	24	14	11	1	0
806	2491	0	0	4	8	17	24	16	9	2	0
807	2492	0	0	4	9	18	23	15	8	3	0
808	2493	0	0	5	8	17	25	15	9	1	0
809	2494	1	9	20	24	20	5	1	0	0	0
810	2495	1	1	12	19	25	18	4	0	0	0
811	2496	1	1	11	18	24	17	8	0	0	0
812	2497	1	1	10	17	25	18	8	0	0	0
813	2498	1	1	11	18	24	19	6	0	0	0
814	2499	0	0	0	2	17	45	13	3	0	0
815	2500	0	0	0	0	3	16	41	18	2	0
816	2501	0	0	0	0	3	15	42	16	4	0
817	2502	0	0	0	0	1	18	45	15	1	0
818	2503	0	0	0	0	3	16	42	16	3	0
819	2504	0	0	0	0	3	16	43	16	2	0
820	2505	0	0	0	1	12	41	26	0	0	0
821	2506	0	0	0	0	10	43	27	0	0	0
822	2507	0	0	0	0	10	43	27	0	0	0
823	2508	0	0	0	0	7	45	28	0	0	0
824	2509	0	1	3	15	21	18	12	7	3	0
825	2510	0	3	5	15	20	17	11	6	3	0
826	2511	0	2	7	14	19	15	13	6	4	0
827	2512	0	3	6	15	21	16	12	5	2	0
828	2513	0	1	4	17	20	18	13	4	3	0
829	2514	0	1	3	15	21	19	14	5	2	0
830	2515	0	1	3	16	21	19	15	5	0	0
831	2516	0	1	3	14	25	18	14	4	1	0
832	2517	0	1	3	15	21	19	15	6	0	0
833	2518	0	3	7	15	18	15	11	7	4	0
834	2519	0	3	10	14	25	17	8	2	1	0
835	2520	0	2	11	13	24	18	9	3	0	0
836	2521	0	3	12	14	24	16	8	2	1	0
837	2522	0	1	11	16	25	18	7	2	0	0
838	2523	0	1	13	18	20	18	8	2	0	0
839	2524	0	2	11	13	24	18	9	3	0	0
840	2525	0	3	12	14	24	16	8	2	1	0
841	2526	0	1	11	16	25	18	7	2	0	0
842	2527	0	1	13	18	20	18	8	2	0	0
843	2528	0	1	13	18	20	18	8	2	0	0
844	2529	0	0	0	8	19	23	21	8	1	0
845	2530	0	0	1	7	18	25	20	8	1	0
846	2531	0	0	0	9	17	24	21	9	0	0
847	2532	0	0	1	7	17	24	20	8	3	0
848	2533	0	0	1	8	17	25	21	7	1	0
849	2534	1	1	2	19	24	21	11	1	0	0
850	2535	1	1	5	20	23	20	9	1	0	0
851	2536	1	1	3	19	25	22	8	1	0	0
852	2537	1	1	6	18	23	20	7	3	1	0
853	2538	0	1	5	19	25	20	10	0	0	0
854	2539	0	0	0	11	21	26	21	1	0	0
855	2540	0	0	2	9	21	26	20	2	0	0
856	2541	0	0	1	8	21	28	21	1	0	0
857	2542	0	0	3	7	20	28	20	2	0	0
858	2543	0	3	4	5	20	26	21	1	0	0
859	2544	0	0	1	7	13	31	20	8	0	0
860	2545	0	1	2	5	12	29	22	8	1	0
861	2546	0	1	1	2	5	40	21	9	1	0
862	2547	0	0	0	0	6	41	23	10	0	0
863	2548	0	0	1	3	8	36	20	12	0	0
864	2549	45	19	8	5	2	1	0	0	0	0
865	2550	40	18	9	6	4	2	1	0	0	0
866	2551	45	17	10	5	3	0	0	0	0	0
867	2552	40	18	11	8	2	1	0	0	0	0
868	2553	44	19	12	5	0	0	0	0	0	0
869	2554	0	2	6	9	10	26	19	5	3	0
870	2555	0	3	5	8	12	27	18	5	2	0
871	2556	0	2	4	9	10	28	19	6	2	0
872	2557	0	2	5	7	11	26	20	6	3	0
873	2558	0	3	6	6	10	23	21	7	4	0
874	2559	0	2	4	7	12	26	19	7	3	0
875	2560	0	3	4	8	10	24	20	8	3	0
876	2561	0	0	5	9	11	25	21	8	1	0
877	2562	0	0	3	8	12	25	22	9	1	0
878	2563	0	0	4	9	10	26	21	9	1	0
879	2564	0	3	35	40	2	0	0	0	0	0
880	2565	0	1	21	38	20	0	0	0	0	0
881	2566	0	6	20	35	19	0	0	0	0	0
882	2567	0	1	21	40	18	0	0	0	0	0
883	2568	0	3	20	41	16	0	0	0	0	0
884	2569	0	0	0	0	0	1	2	18	40	19
885	2570	0	0	0	0	1	1	5	15	38	20
886	2571	0	0	0	0	0	1	6	13	39	21
887	2572	0	0	0	0	1	1	6	14	35	23
888	2573	0	0	0	0	0	1	6	14	38	21
889	2574	0	0	0	0	0	1	2	15	42	20
890	2575	0	0	0	0	0	1	2	15	40	22
891	2576	0	0	0	0	0	1	5	14	39	21
892	2577	0	0	0	0	0	1	2	15	39	23
893	2578	0	0	0	0	0	1	4	19	35	21
894	2579	0	0	0	0	0	1	2	18	37	22
895	2580	0	0	0	0	0	1	3	15	40	21
896	2581	0	0	0	0	0	1	2	16	38	23
897	2582	0	0	0	0	0	1	2	15	40	22
898	2583	0	0	0	0	0	1	2	19	35	23
899	2584	0	0	0	0	1	4	23	30	19	3
900	2585	0	0	0	1	2	4	23	28	20	2
901	2586	0	0	0	0	2	4	21	29	21	3
902	2587	0	0	0	0	1	5	22	31	20	1
903	2588	0	0	0	0	1	3	23	30	21	2
904	2589	0	0	0	0	1	12	35	21	8	3
905	2590	0	0	0	0	3	18	33	22	4	0
906	2591	0	0	0	0	2	18	32	25	3	0
907	2592	0	0	0	0	2	19	30	23	4	2
908	2593	0	0	0	0	3	18	31	22	5	1
909	2594	0	3	10	20	27	19	1	0	0	0
910	2595	0	2	8	21	29	18	2	0	0	0
911	2596	0	1	9	20	30	19	1	0	0	0
912	2597	0	1	12	21	28	18	0	0	0	0
913	2598	0	1	14	22	27	16	0	0	0	0
914	2599	0	0	0	0	1	17	38	20	4	0
915	2600	0	0	0	0	1	18	35	21	5	0
916	2601	0	0	0	0	2	16	38	20	4	0
917	2602	0	0	0	0	2	18	35	22	3	0
918	2603	0	0	0	0	1	19	38	21	1	0
919	2604	0	0	0	0	1	2	22	35	19	1
920	2605	0	0	0	0	4	5	21	30	18	2
921	2606	0	0	0	0	1	4	24	35	15	1
922	2607	0	0	0	0	0	2	21	39	17	1
923	2608	0	0	0	0	2	6	20	35	16	1
924	2609	3	15	21	30	10	1	0	0	0	0
925	2610	2	14	20	28	13	3	0	0	0	0
926	2611	3	15	23	25	12	2	0	0	0	0
927	2612	4	14	21	28	11	2	0	0	0	0
928	2613	3	11	23	28	12	3	0	0	0	0
929	2614	0	0	0	0	0	2	16	21	33	8
930	2615	0	0	0	0	0	2	15	20	34	9
931	2616	0	0	0	0	0	1	14	22	35	8
932	2617	0	0	0	0	0	3	13	21	36	7
933	2618	0	0	0	0	0	4	15	20	32	9
934	2619	0	0	0	0	0	2	17	22	31	8
935	2620	0	0	0	0	0	2	14	21	35	8
936	2621	0	0	0	0	0	0	13	22	36	9
937	2622	0	0	0	0	0	1	15	21	35	8
938	2623	0	0	0	0	0	1	11	20	39	9
939	2624	0	0	0	0	0	1	16	39	23	1
940	2625	0	0	0	0	0	3	12	39	20	6
941	2626	0	0	0	0	0	3	15	36	21	5
942	2627	0	0	0	0	0	5	12	38	20	5
943	2628	0	0	0	0	0	1	10	40	22	7
944	2629	0	0	0	0	0	2	12	39	21	6
945	2630	0	0	0	0	0	3	16	36	20	5
946	2631	0	0	0	0	0	3	15	34	21	7
947	2632	0	0	0	0	0	2	12	39	21	6
948	2633	0	0	0	0	0	5	12	38	20	5
949	2634	0	0	0	0	0	0	6	21	38	15
950	2635	0	0	0	0	0	0	5	22	39	14
951	2636	0	0	0	0	0	0	4	23	38	15
952	2637	0	0	0	0	0	0	5	24	37	14
953	2638	0	0	0	0	0	0	3	23	39	15
954	2639	0	0	0	0	0	0	4	22	40	14
955	2640	0	0	0	0	0	0	9	14	41	16
956	2641	0	0	0	0	0	0	1	23	42	14
957	2642	0	0	0	0	0	0	8	22	35	15
958	2643	0	0	0	0	0	0	5	20	39	16
959	2644	0	0	0	0	5	20	25	20	10	0
960	2645	0	0	0	0	2	22	28	21	7	0
961	2646	0	0	0	0	1	19	29	23	8	0
962	2647	0	0	0	0	2	21	27	22	8	0
963	2648	0	0	0	0	2	21	26	21	10	0
964	2649	0	0	0	0	5	20	25	20	10	0
965	2650	0	0	0	0	0	0	2	14	39	25
966	2651	0	0	0	0	0	0	3	17	36	24
967	2652	0	0	0	0	0	0	7	16	35	22
968	2653	0	0	0	0	0	0	3	15	39	23
969	2654	0	0	1	1	3	19	33	20	3	0
970	2655	0	0	1	1	3	17	35	21	2	0
971	2656	0	0	1	1	3	18	32	22	3	0
972	2657	0	0	2	2	3	18	31	21	3	0
973	2658	0	0	1	1	3	19	32	23	1	0
974	2659	0	0	0	0	0	0	1	13	39	27
975	2660	0	0	0	0	0	0	1	12	38	29
976	2661	0	0	0	0	0	0	0	19	36	25
977	2662	0	0	0	0	0	0	1	20	35	24
978	2663	0	0	0	0	0	0	1	17	36	26
979	2664	0	0	0	0	0	0	1	20	35	24
980	2665	0	0	0	0	0	0	1	13	38	28
981	2666	0	0	0	0	0	0	1	22	36	21
982	2667	0	0	0	0	0	1	3	22	33	21
983	2668	0	0	0	0	0	0	1	21	35	23
984	2669	0	0	0	0	0	0	1	12	28	39
985	2670	0	0	0	0	0	0	1	9	28	42
986	2671	0	0	0	0	0	0	6	13	22	39
987	2672	0	0	0	0	0	0	1	11	25	43
988	2673	0	0	0	0	0	0	1	11	27	41
989	2674	0	0	0	0	0	0	2	12	24	42
990	2675	0	0	0	0	0	0	1	14	26	39
991	2676	0	0	0	0	0	0	1	12	25	42
992	2677	0	0	0	0	0	0	1	15	25	39
993	2678	0	0	0	0	0	0	2	11	26	41
994	2679	0	0	0	0	0	0	1	12	24	43
995	2680	0	0	0	0	0	0	0	15	23	42
996	2681	0	0	0	0	0	0	2	13	26	39
997	2682	0	0	0	0	0	0	1	12	24	43
998	2683	0	0	0	0	0	0	3	13	21	43
999	2684	0	0	0	0	0	0	1	14	23	42
1000	2685	0	0	0	0	0	0	5	15	21	39
1001	2686	0	0	0	0	0	0	1	14	23	42
1002	2687	0	0	0	0	0	0	1	15	25	39
1003	2688	0	0	0	0	0	0	1	15	22	42
1004	2689	0	0	0	0	0	0	6	15	21	38
1005	2690	0	0	0	0	0	0	1	14	24	41
1006	2691	0	0	0	0	0	0	4	13	23	40
1007	2692	0	0	0	0	0	0	5	16	21	38
1008	2693	0	0	0	0	0	0	4	16	21	39
1009	2694	0	0	0	0	0	0	0	16	22	42
1010	2695	0	0	0	0	0	0	2	15	23	40
1011	2696	0	0	0	0	0	0	4	15	25	36
1012	2697	0	0	0	0	0	0	5	17	24	34
1013	2698	0	0	0	0	0	0	3	16	21	40
1014	2699	0	0	0	0	0	0	5	16	23	36
1015	2700	0	0	0	0	0	0	3	15	22	40
1016	2701	0	0	0	0	0	0	5	13	21	41
1017	2702	0	0	0	0	0	0	1	14	23	42
1018	2703	0	0	0	0	0	0	2	15	23	40
